0 0.6728515625 0.4801178203240059 0.1728515625 0.3166421207658321
0 0.1484375 0.2606774668630339 0.1669921875 0.2812960235640648
0 0.23779296875 0.45949926362297494 0.173828125 0.19293078055964655
0 0.29345703125 0.211340206185567 0.140625 0.25625920471281294
0 0.28466796875 0.3703976435935199 0.123046875 0.1325478645066274
0 0.138671875 0.4425625920471281 0.0224609375 0.13549337260677466
0 0.17236328125 0.1487481590574374 0.08984375 0.06921944035346098
0 0.23779296875 0.0817378497790869 0.12890625 0.16200294550810015
0 0.4208984375 0.11561119293078057 0.1533203125 0.2268041237113402
0 0.38037109375 0.26435935198821797 0.119140625 0.18851251840942562
0 0.33203125 0.4536082474226804 0.0380859375 0.13696612665684832
0 0.19189453125 0.6023564064801178 0.17578125 0.25184094256259204
0 0.32177734375 0.7297496318114874 0.15625 0.2268041237113402
0 0.47607421875 0.7614138438880707 0.1875 0.24005891016200295
0 0.18310546875 0.7879234167893961 0.13671875 0.16936671575846834
0 0.19677734375 0.9381443298969072 0.185546875 0.1251840942562592
0 0.12451171875 0.8122238586156112 0.087890625 0.19145802650957292
0 0.0732421875 0.4366715758468336 0.1318359375 0.31516936671575846
0 0.06005859375 0.569219440353461 0.044921875 0.18556701030927836
0 0.80517578125 0.8630338733431517 0.181640625 0.20471281296023564
0 0.783203125 0.9366715758468336 0.2099609375 0.12812960235640647
0 0.80712890625 0.7039764359351989 0.171875 0.21354933726067746
0 0.85791015625 0.5294550810014728 0.146484375 0.27393225331369664
0 0.83056640625 0.26877761413843887 0.216796875 0.3387334315169367
0 0.63671875 0.12297496318114874 0.1572265625 0.24447717231222385
0 0.7978515625 0.10088365243004419 0.1884765625 0.19734904270986744
0 0.3515625 0.946980854197349 0.1435546875 0.10456553755522828
0 0.10107421875 0.6597938144329897 0.0546875 0.13991163475699558
