0 0.52490234375 0.3333333333333333 0.11328125 0.13671875
0 0.4833984375 0.3984375 0.1103515625 0.14192708333333334
0 0.41455078125 0.2819010416666667 0.10546875 0.15625
0 0.3037109375 0.3274739583333333 0.1259765625 0.1640625
0 0.38134765625 0.3274739583333333 0.041015625 0.057291666666666664
0 0.4345703125 0.4869791666666667 0.0751953125 0.12890625
0 0.34130859375 0.4921875 0.126953125 0.17838541666666666
0 0.38427734375 0.435546875 0.09765625 0.1484375
0 0.212890625 0.4095052083333333 0.1298828125 0.1328125
0 0.2255859375 0.23307291666666666 0.1630859375 0.2669270833333333
0 0.08154296875 0.17317708333333334 0.16015625 0.26953125
0 0.306640625 0.21419270833333334 0.0185546875 0.06770833333333333
0 0.15771484375 0.341796875 0.017578125 0.049479166666666664
