0 0.6142578125 0.028645833333333332 0.0517578125 0.055989583333333336
0 0.611328125 0.24088541666666666 0.0556640625 0.10807291666666667
0 0.509765625 0.240234375 0.0888671875 0.13020833333333334
0 0.4033203125 0.15299479166666666 0.0576171875 0.0859375
0 0.2841796875 0.036458333333333336 0.0673828125 0.06901041666666667
0 0.3466796875 0.025390625 0.0595703125 0.049479166666666664
0 0.017578125 0.19466145833333334 0.0322265625 0.0703125
0 0.0751953125 0.09244791666666667 0.0400390625 0.05078125
0 0.09521484375 0.11263020833333333 0.041015625 0.049479166666666664
0 0.42236328125 0.6783854166666666 0.021484375 0.07942708333333333
0 0.27392578125 0.5930989583333334 0.01171875 0.059895833333333336
