0 0.11328125 0.14453125 0.22005208333333334 0.2880859375
0 0.150390625 0.40869140625 0.2994791666666667 0.283203125
0 0.11328125 0.65234375 0.22265625 0.2216796875
0 0.072265625 0.85546875 0.140625 0.2177734375
0 0.296875 0.37109375 0.09244791666666667 0.1025390625
0 0.279296875 0.486328125 0.22135416666666666 0.1494140625
0 0.2578125 0.8388671875 0.3580729166666667 0.2587890625
0 0.4342447916666667 0.873046875 0.12760416666666666 0.1220703125
0 0.5631510416666666 0.73095703125 0.359375 0.2421875
0 0.3958333333333333 0.59765625 0.3919270833333333 0.2841796875
0 0.6692708333333334 0.486328125 0.38671875 0.2529296875
0 0.568359375 0.2275390625 0.4453125 0.3466796875
