0 0.22533136966126657 0.38134765625 0.13107511045655376 0.09765625
0 0.15463917525773196 0.41162109375 0.14285714285714285 0.103515625
0 0.06332842415316642 0.4091796875 0.07216494845360824 0.0634765625
0 0.07879234167893961 0.4794921875 0.1561119293078056 0.0908203125
0 0.1053019145802651 0.5322265625 0.08541973490427099 0.0537109375
0 0.19734904270986744 0.5146484375 0.14580265095729014 0.1025390625
0 0.4963181148748159 0.35791015625 0.101620029455081 0.0859375
0 0.5846833578792342 0.3056640625 0.0780559646539028 0.1123046875
0 0.7430044182621502 0.580078125 0.25920471281296026 0.1337890625
0 0.6089837997054491 0.66357421875 0.13843888070692195 0.095703125
0 0.5802650957290133 0.70654296875 0.15758468335787923 0.107421875
