0 0.71875 0.18306351183063513 0.1123046875 0.11083437110834371
0 0.7421875 0.27334993773349936 0.0771484375 0.09713574097135741
0 0.66064453125 0.25716064757160645 0.091796875 0.099626400996264
0 0.61767578125 0.19987546699875466 0.10546875 0.0722291407222914
0 0.669921875 0.35367372353673726 0.0771484375 0.10336239103362391
0 0.56103515625 0.26214196762141967 0.111328125 0.09464508094645081
0 0.58837890625 0.3013698630136986 0.083984375 0.10834371108343711
0 0.60693359375 0.3605230386052304 0.05859375 0.074719800747198
0 0.60400390625 0.44831880448318806 0.080078125 0.11083437110834371
0 0.544921875 0.39103362391033625 0.0830078125 0.10834371108343711
0 0.50048828125 0.33623910336239105 0.107421875 0.0684931506849315
0 0.45849609375 0.41594022415940224 0.107421875 0.1133250311332503
0 0.52001953125 0.4950186799501868 0.0859375 0.11207970112079702
0 0.43505859375 0.4651307596513076 0.111328125 0.09713574097135741
0 0.36572265625 0.5454545454545454 0.1015625 0.09339975093399751
0 0.31787109375 0.6307596513075965 0.07421875 0.08468244084682441
