0 0.5341796875 0.3601756954612006 0.3564453125 0.28257686676427524
0 0.73095703125 0.54099560761347 0.5390625 0.4538799414348463
0 0.50830078125 0.5344070278184481 0.271484375 0.37920937042459735
0 0.58349609375 0.8689604685212299 0.70703125 0.25768667642752563
0 0.7958984375 0.6266471449487555 0.4091796875 0.24743777452415813
0 0.8369140625 0.787701317715959 0.3271484375 0.4260614934114202
0 0.93212890625 0.3462664714494876 0.13671875 0.20790629575402636
0 0.86669921875 0.23865300146412885 0.265625 0.1800878477306003
0 0.96533203125 0.18667642752562225 0.068359375 0.09077598828696926
0 0.55908203125 0.2349926793557833 0.337890625 0.18448023426061494
0 0.6123046875 0.17642752562225475 0.3076171875 0.2840409956076135
0 0.3828125 0.3089311859443631 0.0498046875 0.1273792093704246
0 0.2919921875 0.09882869692532943 0.1572265625 0.07613469985358712
0 0.1025390625 0.41654465592972184 0.2021484375 0.28111273792093705
0 0.1162109375 0.24890190336749635 0.1611328125 0.16251830161054173
0 0.05859375 0.1720351390922401 0.1123046875 0.17276720351390923
0 0.0263671875 0.28038067349926793 0.0498046875 0.19326500732064422
0 0.24267578125 0.753294289897511 0.46484375 0.49194729136163984
0 0.04931640625 0.7767203513909224 0.095703125 0.4480234260614934
