0 0.79150390625 0.15847280334728034 0.103515625 0.1192468619246862
0 0.72802734375 0.1087866108786611 0.123046875 0.14539748953974896
0 0.6181640625 0.09152719665271966 0.1337890625 0.15481171548117154
0 0.5126953125 0.10303347280334728 0.1064453125 0.13179916317991633
0 0.77490234375 0.24320083682008367 0.11328125 0.10669456066945607
0 0.689453125 0.16997907949790794 0.0732421875 0.04811715481171548
0 0.615234375 0.16736401673640167 0.1044921875 0.04288702928870293
0 0.69287109375 0.22228033472803346 0.091796875 0.08158995815899582
0 0.71142578125 0.2871338912133891 0.091796875 0.07531380753138076
0 0.61376953125 0.20920502092050208 0.099609375 0.07635983263598327
0 0.6181640625 0.2688284518828452 0.0966796875 0.07217573221757322
0 0.5400390625 0.23430962343096234 0.0869140625 0.06589958158995816
0 0.52099609375 0.16893305439330544 0.1171875 0.0899581589958159
0 0.44580078125 0.2186192468619247 0.107421875 0.11610878661087866
0 0.3203125 0.2881799163179916 0.0498046875 0.056485355648535567
0 0.298828125 0.2630753138075314 0.0537109375 0.060669456066945605
